1: Equipment_Dam:
nunique: 2
[0 1]

2: Model.Suffix_Dam:
nunique: 7
[3 0 1 5 4 6 2]

3: Workorder_Dam:
nunique: 664
[658 284 590 252 143  24 401 431 102  83 591 449 307 297  86  17   3 482
 316 536 510 511  66 483 406 124 344 100 187 481  72 441 373 500 551  80
 240 315 253   7 205 599 185 272 561 556 452 303 650 138 659 177 260 325
 393  78 566 502 216 480 597 429 540 584 616 477 375 497  92 265  65 618
  95 277 225 396 324 295 425 320 567  55 300 118 617 251 234 291 115 663
  12 574 136 340 416 560 321 402  47 505 354 280 555 445 242 374  25 366
 444   2 139 302 292 360  87 656 256  16 389 249 154 434 496 220 345 283
 391  36  71 181 513 651  43 580 270  91 607 519 213 415 421 281 499 468
 413  44 110 310  60  56 361 335 202 423 645 299 163 440 245 276  23 204
 355 459 105 224 259 546 570 473 184 604 408 419 207 103  74 379 369   0
  35 432 128 395 308 175 420  59 383 461 311 661 384 168 518 435 427 172
 117  62 359 626 156 206 193 564 422 208 153 608 385 465 327   1 600  22
 279 134 108  20 114 273 517 485 593 322  28 399 657 632  64 368 397 223
 232 166 662 381 349 479 367 398 257 613 326 278 116 537 144 237  73 539
 258 644 142 404  27 275 271 498 351 653 609 453  61  21 629 426 219 126
 456 352 288  41 132  93 179  54 236 112 371 503 199 158 301 439 595  32
 417 129 164 602 159 350 522 238 605 491 160 189 633 520  63 625 450 229
 478 516 210 293 552  58 261 268 405 390 660 623 230 235  51  33 471 101
 333 171 438 460 568 489 598 515 603 455 140 585 209 161  94 332 212 428
  88 243 323  38 533 267 506 412 532  96 642 569  52 538 512 339 104 586
 370 463 562 290 365 448 403  42 343  19  26  50 430  82 241 592 654 377
 578 386 106 231  98 638 314 250 640 133 317 643  90 376 541 190 447 451
 347 183 467  89 619 305 304 630 113 535 558 342 492 274 131 364 488 130
 508 214 652 294 521 565 298 348 437 545 239 636 514 628 137 119 649 109
 123 494 266 200  40 382  37 357 336 135 378 165 394 201 228 627 247 188
  85 152 222 486 312  57 501 358 125 122 255 472 557 186  75  68 363 635
 218  11 197 631 196 388 575 176   5  99 433 457  31 173 338 217 141  46
 372 392 470 588 167 407 548   8 523 353 150 221 524   6  97 409  30 282
 411 127  18 601 233  69 215 550 203 149 655 571 487 178 329 542 504 418
 454 462 264 641  84 581 254 198 226 180 572 262 313 319 194 309 387 195
  48  79 356 493 531 534 583 624 622 436 614 169 469 443 192 576 549 458
 162 646  45  29  13  10 587 620 155 286 341 414 547 611 157 509   4 269
 362  49 191 346 446 120 544 410 211 530 248 442 328 475 639 484 287 525
 285 610 507 334 647 634 170 227 244 621 296 289 466 637 182 594  67 612
  14  53   9 553 526 648 145  81 337 121 490 147 615 400  76 174 527 424
  39  70 559 554 606 380 529 148 582 589 306 577 474 151 528 596 330 563
  15 495 543 331 476 573 464 246  34 111 107 579 263 318 146  77]

4: DISCHARGED SPEED OF RESIN Collect Result_Dam:
nunique: 3
[16 10 15]

5: HEAD NORMAL COORDINATE X AXIS(Stage1) Collect Result_Dam:
nunique: 36
[550.5 550.3 162.4 549.  550.4 162.7 161.7 164.2 550.6 551.5 551.3 549.5
 550.  161.2 551.7 552.  163.8 548.9 551.8 163.5 164.1 551.2 164.  163.3
 163.7 552.1 548.5 549.4 550.7 164.5 163.1 551.6 163.4 163.6 163.  551. ]

6: HEAD NORMAL COORDINATE X AXIS(Stage2) Collect Result_Dam:
nunique: 38
[464.3  463.8  465.4  465.5  462.5  463.   463.7  465.7  464.7  467.1
 463.9  465.   464.6  463.5  464.2  462.75 465.3  465.6  466.8  462.2
 465.1  465.8  466.2  463.6  464.8  466.7  466.   466.9  462.7  464.
 467.5  466.1  464.9  466.3  466.6  467.2  466.5  466.4 ]

7: HEAD NORMAL COORDINATE X AXIS(Stage3) Collect Result_Dam:
nunique: 37
[161.4 160.8 551.7 552.  159.5 160.5 161.3 551.  553.6 161.5 162.3 162.2
 160.  550.5 551.3 162.6 162.9 553.1 159.8 553.4 161.2 162.1 553.2 552.9
 553.  160.3 552.4 162.5 552.3 552.6 554.  553.7 552.7 161.9 551.1 552.2
 552.1]

8: Head Clean Position Z Collect Result_Dam:
nunique: 5
[124.   130.85 133.5  124.5  118.85]

9: Head Purge Position Z Collect Result_Dam:
nunique: 3
[130.85 133.5  124.5 ]

10: Head Zero Position Y Collect Result_Dam:
nunique: 2
[300.  303.5]

11: Head Zero Position Z Collect Result_Dam:
nunique: 2
[265.   265.02]

12: Machine Tact time Collect Result_Dam:
nunique: 486
[ 58.5  65.1  76.9  70.5  88.3  93.3  53.5  57.8  88.2  88.4  76.8  58.3
  72.6  67.4  92.3  92.2  57.1  53.9  55.9  57.   60.5  54.8  76.6  56.7
  54.9  55.8  58.4  93.2  57.6  59.3  77.   59.   57.9  56.8  68.9  92.1
  72.7  58.   56.3  53.8  72.4  80.   54.7  71.3  70.9  71.   60.7  58.1
  69.   54.3  66.9  72.3  56.5  77.1  57.7  74.5  71.2  76.2  59.4  72.1
  72.5  59.1  75.3  88.5  71.6  56.2  53.6  67.   53.7  66.4  77.2  75.
  53.4  65.3  56.6  71.8  71.1  75.1  57.5  61.8  54.2  72.9  76.7  70.3
  69.4  72.8  52.9  76.1  60.4  49.8  72.   71.5  72.2  71.4  73.5  61.4
  54.1  75.9  56.4  58.8  73.6  73.1  60.3  52.1  74.8  71.7  53.   70.7
  91.2  58.6  56.9  56.   87.2  65.6  78.3  59.8  58.7  73.   65.2  74.9
  69.2  75.7  70.8  73.3  93.4  83.3  92.   54.5  70.4  65.4  68.8  53.3
  64.9  54.6  51.7  66.   73.2  71.9  74.7  76.3  79.3  55.   50.3  70.
  60.2  55.1  58.2  89.   59.7  59.2  52.   69.6  68.   62.   54.4  70.1
  93.1  59.5  76.   83.4  56.1  50.7  61.7  62.1  69.5  67.7  69.3  70.2
  60.6  88.7  54.   66.2 104.1  66.8  58.9  75.8  61.6 104.  157.2  74.6
  67.1  57.2  60.1  55.6  88.9  52.6  52.8  65.8  63.   87.1  50.2  61.5
  68.7  70.6  88.8  78.5  64.5  91.1  60.9 102.   75.2  46.3  67.2  78.4
  67.3  66.7  62.9  51.8  52.5  78.6  65.9  44.4  78.1  69.1  59.6  93.5
  75.6  61.9  66.3  55.7  73.8  65.7  62.2  92.4  85.1  51.9  95.4  69.7
  77.6  61.1  65.5  79.4  76.4  74.4  73.7  65.   50.   87.   55.4  77.3
  49.9  76.5  60.8  95.6  79.2  78.2  79.7  91.3  66.1  68.1  77.4  55.5
 103.9  55.3  51.1  60.   73.9  73.4  93.7  63.8  77.7  50.5  68.5  53.2
  53.1  61.3  75.5  66.6  50.1  50.4  67.5  74.3  79.6  63.9  55.2  83.2
  48.5  57.4  69.9  95.3 175.6  50.6  84.7  66.5  89.1 120.8  52.4  64.3
  89.6  94.1  74.   87.3  75.4  52.3  67.6  88.6  79.5  68.4  68.6  51.5
  68.2  48.2  50.9  57.3 111.5  69.8  85.7  35.6  88.1  79.9  64.4 132.8
  51.2  82.4  52.2  95.5 127.   50.8  78.7  78.9  63.7 239.9 140.5  64.7
 103.   44.9  78.8  48.1  44.8  89.9 243.1  67.9 101.4 177.   80.1  68.3
  77.5  92.6 153.6 101.9  47.7  61.2 104.2  59.9  95.2  44.6  64.1  63.1
  45.6  78.   47.8  45.1  64.6  83.5  63.2  48.3  51.   47.6  81.   87.8
  90.   35.5  92.5  61.   84.1  46.   46.1  51.6  48.6 123.2  86.4  79.8
  95.7 362.3 111.7  67.8  89.4  84.5  45.9 101.6 111.6  74.1 523.   45.
 161.2 187.9 197.3  63.5  98.5  81.3  63.3 212.9  99.8  62.7  44.5  49.6
  89.3  46.4 243.8  64.2  84.   63.6  62.4  85.6 101.5 244.7  87.4 156.2
 999.9 135.4  62.8  64.8  51.4  91.5  48.   48.4  62.5 100.4  89.8 283.7
  64.   83.1  40.6  74.2  47.5  84.2  80.5  86.   80.8 169.8  47.4  44.7
 100.8  52.7  79.1 209.   46.2  62.6  86.3  77.9 156.1  85.5  51.3  80.6
 148.8 139.6  84.9 133.7  46.7 276.6  49.1  81.4  96.1  62.3 119.2  99.6
 110.5  84.3 100.2  84.8 101.1 108.   98.8  49.3 270.8  87.7  84.6  85.2
 216.5  82.8  45.3 114.8 354.8  83.   63.4 328.4  81.1  99.2 181.2 137.3
 128.4  98.6 236.7 133.1  49.7  48.7]

13: PalletID Collect Result_Dam:
nunique: 16
[ 7. 10. 12.  8. 11.  3.  6. 15. 16.  1.  4.  5.  2. 14.  9. 13.]

14: Production Qty Collect Result_Dam:
nunique: 609
[127 185  73 268 121 343 483 105  95 353  78 221  89 132 146 109 134  77
 225 219  45 209 106  71 195 161 116 114 152 336 272 299  21 151  12 235
 122 279 111 371   8 196 143 237 144 160 129 177 135 253 187 147 391 197
 110 291 216 179 223 282 200 323 413 321 247 464 284 123  60 324  48 170
 416  94 271  25 302 335 350  19  11 317  80 262 128 327 205 339 156   4
 166 300  47  75  46 258 180  82  38 139 289 338 274 125  50 104 261 210
 331  49 213 245  64 265 217 102 175  36 181  52  23   2 515 363  69 397
 193 368 163  92 449  67 259  68 243 380  15 174  56 309  87  53 199 267
 171 345 173 277 328 184 240 298  90  96 425 112 288 137 159 301 307 384
  20 452  99 182 297 466  24 295 211   0 107  35 290  10  39 292 228 251
 115 521  28 138 194  97 203  72 346  76 427 244  42 377 250 276  55 167
 257 420 162 118 158  16 422 108 503  32 280 202  18  74 308   5 150 459
 234 311  54 376  79 183 393  57 130 164 423  84 198 580 278  51 313  44
 372 239 546 269 467  34 518  37  88  61 316 348 148 390 191  26 419 224
  22  29  27 340 360  91 149 117 410 153 400   6 296  33 172 227  43 238
 231  59  98  40 126 322   7 168 401  83 204 285 165 229  13 429 431  70
 388 373 120 355 233 294 212 186 273 266 283 220 314 306 329 319 457  86
 190 176 365 142 113 304 349 538 310  31 207 399 312 256 354 169 482 260
 557 242 208 351 206  58 254 434  17 215  81 359 496 476 255 281 389 155
 226 381 192 131 469 315 287 101 188 432 409 344 136 124   3 178 230 428
  62 405 236 100 222 252 241 341 318  30 435 270 145 404 364 332 477 472
 333 374 548 450 501  93  41 141 417 246 361 568 356 103 596 157 342 379
 305 263 547 140 408 286 320 412 303 406 248 119  14 133 218 396 154  85
 367 592 458 334  63 487 475 275 415 189   1 473 357 232  65 386 201 330
 249 430 542 448 293 347 392 370 383 529 453 369 447 366 398 444 522 325
 474   9 326 436 395 602 337 418 385 402 511 264 375 362 603 493 460 461
  66 502 523 378 465 456 358 445 214 387 438 489 437 520 486 411 541 481
 463 504 414 601 442 451 545 485 421 590 565 508 480 587 382 424 558 407
 491 394 352 555 443 462 426 468 497 530 498 528 567 484 446 513 440 510
 495 439 471 454 433 524 526 517 403 455 583 441 506 571 479 533 600 470
 494 536 581 563 490 527 577 519 552 531 507 505 561 570 514 525 478 550
 488 512 574 604 534 608 535 559 569 573 499 554 598 566 540 589 500 607
 582 562 560 594 492 543 591 579 585 564 544 537 597 586 599 549 572 584
 553 516 593 588 575 551 532 556 578 509 606 605 576 595 539]

15: Receip No Collect Result_Dam:
nunique: 5
[ 1  6 17  9  3]

16: THICKNESS 1 Collect Result_Dam:
nunique: 7
[ 0.     0.012 -0.054  0.014 -0.015 -0.019  0.037]

17: THICKNESS 2 Collect Result_Dam:
nunique: 8
[ 0.    -0.022 -0.219 -0.058  0.007 -0.036 -0.021  0.005]

18: THICKNESS 3 Collect Result_Dam:
nunique: 7
[ 0.     0.003  0.007  0.012 -0.026 -0.118  0.024]

19: 1st Pressure Collect Result_AutoClave:
nunique: 27
[0.312 0.311 0.315 0.299 0.302 0.316 0.31  0.313 0.303 0.308 0.309 0.304
 0.3   0.301 0.314 0.305 0.307 0.306 0.297 0.298 0.319 0.317 0.318 0.29
 0.292 0.295 0.296]

20: 1st Pressure 1st Pressure Unit Time_AutoClave:
nunique: 9
[240 241 300 181 180   1  61   0  60]

21: 2nd Pressure Collect Result_AutoClave:
nunique: 68
[0.493 0.311 0.49  0.3   0.302 0.501 0.492 0.314 0.491 0.303 0.317 0.304
 0.316 0.581 0.58  0.5   0.498 0.301 0.312 0.499 0.582 0.307 0.313 0.309
 0.299 0.305 0.599 0.315 0.306 0.502 0.32  0.31  0.583 0.319 0.308 0.354
 0.318 0.349 0.298 0.503 0.361 0.62  0.9   0.359 0.497 0.621 0.352 0.362
 0.496 0.35  0.323 0.357 0.351 0.358 0.355 0.36  0.321 0.356 0.715 0.353
 0.395 0.803 0.452 0.806 0.364 0.297 0.322 0.504]

22: 2nd Pressure Unit Time_AutoClave:
nunique: 10
[  1 121 120  90  60   0 150 181  61 180]

23: 3rd Pressure Collect Result_AutoClave:
nunique: 67
[0.499 0.498 0.5   0.501 0.598 0.497 0.597 0.6   0.549 0.496 0.495 0.502
 0.599 0.55  0.596 0.402 0.354 0.503 0.406 0.548 0.547 0.504 0.349 0.404
 0.361 0.674 0.914 0.358 0.675 0.351 0.613 0.611 0.359 0.546 0.355 0.621
 0.362 0.407 0.601 0.35  0.551 0.356 0.627 0.357 0.353 0.305 0.505 0.403
 0.61  0.36  0.352 0.761 0.401 0.397 0.408 0.698 0.552 0.823 0.451 0.612
 0.315 0.824 0.405 0.614 0.506 0.364 0.312]

24: 3rd Pressure Unit Time_AutoClave:
nunique: 11
[120 121 150  90 181 180  61 301  60 241   1]

25: Chamber Temp. Collect Result_AutoClave:
nunique: 26
[54 56 47 52 53 51 49 50 48 55 57 46 45 32 58 44 43 59 36 33 35 37 40 34
 38 42]

26: Chamber Temp. Unit Time_AutoClave:
nunique: 24
[361 483 363 480 481 452 510 360 450 362 512 540 212 303 183 300 423 301
  61 243 180   3 121 242]

27: Chamber Temp. Judge Value_AutoClave:
nunique: 2
[1 0]

28: DISCHARGED SPEED OF RESIN Collect Result_Fill1:
nunique: 4
[10.6 10.9  8.   0. ]

29: HEAD NORMAL COORDINATE X AXIS(Stage1) Collect Result_Fill1:
nunique: 11
[838.4 837.9 837.7 837.4 458.7 838.1 838.2 157.  156.1 837.5 681.2]

30: HEAD NORMAL COORDINATE X AXIS(Stage2) Collect Result_Fill1:
nunique: 21
[458.7 458.5 458.1 458.8 460.  458.4 457.8 458.3 459.5 838.4 457.6 457.9
 458.6 458.2 459.2 457.7 838.1 459.  460.5 458.  682.5]

31: HEAD NORMAL COORDINATE X AXIS(Stage3) Collect Result_Fill1:
nunique: 12
[157.  156.1 157.5 156.3 156.8 156.5 157.7 158.  838.4 838.1 156.7 681.2]

32: Head Purge Position Z Collect Result_Fill1:
nunique: 3
[128 145  85]

33: Machine Tact time Collect Result_Fill1:
nunique: 384
[ 55.7  56.5  58.7  57.7  89.9  91.3  52.6  57.2  90.   90.2  58.6  57.5
  68.2  67.9  91.   51.6  53.4  55.6  56.3  55.1  89.7  56.6  54.5  54.2
  55.4  57.6  91.5  57.3  57.8  58.5  52.   56.4  68.3  60.3  54.8  53.5
  75.2  56.2  55.   66.9  57.4  58.   71.7  54.4  67.8  57.9  55.5  54.6
  61.7  52.8  56.1  90.1  75.3  91.4  71.8  54.3  64.   61.6  67.1  91.1
  90.4  54.1  90.5  73.   75.   54.9  51.7  90.9  89.8  51.4  71.9  53.2
  75.1  48.6  58.3  66.8  53.8  89.5  72.9  72.   90.6  55.2  53.9  72.1
  67.   84.3  58.8  61.5  72.8  58.9  47.9  53.   91.6  53.6 111.   52.1
  53.1  84.4  68.4  59.2  52.3 111.1  57.1  52.5  74.9  58.4  56.8  83.2
  51.2  68.1  53.3  56.   51.9  52.4  51.8  77.8  56.7  48.4  54.7  52.9
  61.3  69.7  52.7  82.9  58.1  90.3  51.3  57.   63.8  66.5  59.7  68.7
  65.2  68.9  49.8  69.   49.5  53.7  87.9  60.8  56.9  49.3  48.5  91.2
  89.6  48.2  59.1  48.9  69.2  54.   66.6  60.5  58.2  59.4  50.7  59.
  65.5  63.6  69.6  64.1  48.7  65.6  55.8  48.3  55.3  51.5  76.5  66.7
  49.2  68.   69.5  61.1  55.9  64.3 110.9  91.7  65.1  61.   90.7  72.2
  60.2  77.9  98.1  70.1  49.6  63.7  90.8  69.8  97.9  68.8 214.9  62.4
  61.4  69.3  59.3  73.1  62.2  63.5  48.1  49.7 131.6 110.8  49.4  69.1
  84.   73.2  67.7  60.4  83.1  48.   84.5  49.1  63.9  52.2  62.1  50.8
  59.6  97.8  51.1  49.9  64.2  70.2  59.5  75.4  47.8  49.   89.2  82.1
  78.   69.4  62.7  59.9  62.   91.8  50.9  76.7  65.7  85.1  51.   98.
  68.5  67.2  72.3  87.4  50.1  63.4  72.7  60.9 161.4  82.8  60.1  61.9
  76.4  62.5  74.8  89.4  76.8  48.8  61.2  84.1  65.4  76.6  66.4  47.3
  87.   79.   71.5  62.8  45.2  45.6  84.7  50.   81.   64.4  62.3  59.8
  42.9  61.8  84.6  83.3  63.3  71.6  50.6 117.2  45.3  81.3  85.2  67.3
 203.8  60.7  86.   50.5  71.   83.   77.1  75.8  65.   66.1  70.   95.
  81.8  84.9  69.9  64.9 150.1  40.3  47.6 139.6  47.5  63.1  44.2  39.1
  63.2  65.8  72.6  74.7  93.3  47.4  67.5  70.4  88.   41.   39.5  68.6
  65.3  92.1  95.8  80.6  88.3  60.6  63.   50.2  50.4  65.9  76.9  91.9
  62.9 138.1  70.5 187.1  39.7  40.4  73.9 111.4  75.7  70.3  85.   67.6
   0.   85.5  79.3 172.3  85.8 175.9  97.7  77.6  77.   62.6  47.7  73.6
  42.8 101.7  64.8  50.3  88.4  40.7  89.3 102.5 111.2  77.7 103.4 111.3
  43.9 175.8  70.9  87.3  82.7  44.3  78.9  75.5 108.4  60.   45.4  85.9]

34: HEAD NORMAL COORDINATE X AXIS(Stage1) Collect Result_Fill2:
nunique: 3
[835.5 305.  304.8]

35: HEAD NORMAL COORDINATE X AXIS(Stage2) Collect Result_Fill2:
nunique: 2
[458.  499.8]

36: HEAD NORMAL COORDINATE X AXIS(Stage3) Collect Result_Fill2:
nunique: 3
[156.  694.  692.8]

37: Head Purge Position Z Collect Result_Fill2:
nunique: 2
[114.612  85.   ]

38: Machine Tact time Collect Result_Fill2:
nunique: 83
[ 19.9  19.6  19.8  19.7  18.9  19.4  20.   20.1  18.5  19.1  19.3  20.2
  20.4  19.   20.3  20.8  20.9  19.2  20.5  18.7  21.4  19.5  21.6  21.7
  22.   18.8  21.2  21.1  22.8  18.6  21.5  18.3  21.   18.4  20.6  18.1
  21.3  18.2  24.   23.8  20.7  21.8  23.7  23.5  21.9  17.5  18.   24.7
  17.9  22.3  17.8  24.1  23.1  23.6  23.4  23.9  52.9  24.2  24.3  22.1
  22.5  23.   22.2  23.3  22.6  17.6  22.4  22.7  46.1  25.   17.4  26.4
  17.7  26.1  17.3  24.4  47.1  14.7  23.2 284.1  17.2  22.9 101.8]

39: target:
nunique: 2
['Normal' 'AbNormal' nan]

40: Set ID:
nunique: 17361
[nan '0001be084fbc4aaa9d921f39e595961b' '0005bbd180064abd99e63f9ed3e1ac80'
 ... 'fff1e73734da40adbe805359b3efb462' 'fff8e38bdd09470baf95f71e92075dec'
 'fffa83e0a13d4c2db4fd8bf905b517d4']

41: CURE DpS X Collect Result_Dam:
nunique: 10
[ 9.1        13.         18.70588235 22.71428571 10.70588235 15.9
  9.57894737  8.66666667 15.14285714 16.73684211]

42: CURE DpS Z Collect Result_Dam:
nunique: 10
[0.31       0.44285714 0.24705882 0.3        0.36470588 0.21
 0.32631579 0.2952381  0.2        0.22105263]

43: CURE DpS ¥È Collect Result_Dam:
nunique: 5
[0.9        1.28571429 1.05882353 0.94736842 0.85714286]

44: CURE DpS X Collect Result_Fill2:
nunique: 9
[16.25       15.6        15.29411765 17.33333333 14.71698113 14.18181818
 32.5        19.5        10.4       ]

45: CURE DpS Z Collect Result_Fill2:
nunique: 5
[0.         0.02       0.19607843 0.2        0.22      ]

46: CURE DpS ¥È Collect Result_Fill2:
nunique: 8
[5.625      5.4        5.29411765 6.         5.09433962 4.90909091
 6.75       3.6       ]

47: DISCHARGED VpS RESIN(Stage1) Collect Result_Dam:
nunique: 24
[0.06979866 0.06995305 0.10952381 0.06907216 0.06979167 0.06969697
 0.06938776 0.06971831 0.10984848 0.06985294 0.07       0.10939597
 0.10985915 0.06962963 0.06946565 0.06981132 0.06956522 0.10992366
 0.06982759 0.06959459 0.10945946 0.06993007 0.06959064 0.06934307]

48: DISCHARGED VpS RESIN(Stage2) Collect Result_Dam:
nunique: 36
[0.06904762 0.06938776 0.10941176 0.06923077 0.06973684 0.06875
 0.06941176 0.0695122  0.06952381 0.06851852 0.0691358  0.10909091
 0.06987952 0.10952381 0.06883117 0.06865672 0.06981132 0.1097561
 0.07       0.10923077 0.06933333 0.06909091 0.10930233 0.06976744
 0.06969697 0.06842105 0.06962025 0.06944444 0.10895522 0.07
 0.10987654 0.10963855 0.06901408 0.06896552 0.06949153 0.06956522]

49: DISCHARGED VpS RESIN(Stage3) Collect Result_Dam:
nunique: 24
[0.06938776 0.06995305 0.10952381 0.06979167 0.06907216 0.06969697
 0.06993007 0.10992366 0.06985294 0.06971831 0.07       0.06946565
 0.10984848 0.06959064 0.10985915 0.06962963 0.06956522 0.06981132
 0.06982759 0.10945946 0.06959459 0.06934307 0.10979021 0.06962617]

50: DISCHARGED VpS RESIN(Stage1) Collect Result_Fill1:
nunique: 9
[0.9496063  0.94962963 0.9496124  0.95       0.94962406 0.94965986
 0.71965318 0.71954023 0.94871795        nan]

51: DISCHARGED VpS RESIN(Stage2) Collect Result_Fill1:
nunique: 16
[0.95       0.94857143 0.94871795 0.94897959 0.94878049 0.94965986
 0.94864865 0.95       0.94901961 0.71836735 0.94893617 0.94883721
 0.72       0.94888889 0.94848485 0.71875           nan]

52: DISCHARGED VpS RESIN(Stage3) Collect Result_Fill1:
nunique: 9
[0.95       0.94962963 0.9496124  0.94962406 0.94965986 0.9496063
 0.71965318 0.71954023 0.94961832        nan]

53: Average Stage1 CL Distance Speed Collect Result_Dam:
nunique: 11
[5775.  4000.  5800.  9000.  6500.  6000.  6437.5 5000.  6200.  8500.
 7312.5]

54: Average Stage2 CL Distance Speed Collect Result_Dam:
nunique: 15
[ 5300.   9000.   5000.   6500.   6250.   5500.   4000.   8000.  12000.
  5812.5  6437.5  6125.   5575.   7312.5  6937.5]

55: Average Stage3 CL Distance Speed Collect Result_Dam:
nunique: 9
[5800.  4000.  9000.  6500.  6000.  6437.5 5000.  6200.  8500. ]

56: HEAD NORMAL COORDINATE Y AXIS(Stage) Collect Result_Dam:
nunique: 20
[ 383.7         377.3        1309.16666667 1271.43333333  377.33333333
  377.43333333  377.56666667 1271.1        1271.63333333 1268.8
 1318.56666667 1318.76666667 1268.73333333 1268.93333333 1319.33333333
 1318.66666667  377.23333333 1318.83333333 1273.6        1318.16666667]

57: HEAD NORMAL COORDINATE Z AXIS(Stage) Collect Result_Dam:
nunique: 24
[274.51  282.15  274.33  284.8   282.5   280.894 273.8   282.361 274.4
 274.2   281.324 282.343 274.    281.413 284.6   281.095 281.226 274.78
 281.222 281.517 281.43  281.3   281.513 281.424]

58: HEAD NORMAL COORDINATE Y AXIS(Stage) Collect Result_Fill1:
nunique: 19
[ 430.03333333  430.6        1323.03333333 1322.83333333  430.4
  430.8         430.3        1323.         1323.2        1324.43333333
 1324.96666667  430.43333333 1324.2         429.8        1322.9
 1324.66666667 1324.5         430.5        1330.43333333]

59: HEAD NORMAL COORDINATE Z AXIS(Stage) Collect Result_Fill1:
nunique: 20
[244.52       244.4        244.415      244.3        244.505
 244.618      244.45       244.2        244.535      244.275
 244.49       244.375      244.555      244.543      244.728
 244.511      244.53333333 244.427      244.6        231.96666667]

60: HEAD NORMAL COORDINATE Y AXIS(Stage) Collect Result_Fill2:
nunique: 2
[ 427.96666667 1324.2       ]

61: HEAD NORMAL COORDINATE Z AXIS(Stage) Collect Result_Fill2:
nunique: 2
[243.7 243.5]

